.Random.seed <-
c(403L, 482L, 2026764007L, 1707367563L, 1569400775L, 575402892L, 
1268340855L, 149068419L, -1629118008L, 1467203359L, 1605338963L, 
-900025772L, -1985352588L, 1923748531L, 728738176L, 1152870969L, 
1605733937L, 775283442L, -1057262647L, 1828687494L, 1809115040L, 
1021596478L, -1011595142L, -385482993L, 1453647252L, 145039319L, 
406400968L, -1784282675L, -135018000L, 1879553505L, 506809713L, 
1519729054L, 1777560782L, 544423064L, 1263853482L, -139821167L, 
-645204418L, -1964644028L, -520482138L, 2087716346L, -1000923127L, 
-936390734L, 253579705L, -727151885L, -1604084599L, -431956947L, 
-817959058L, -1927617325L, -270115001L, 627762512L, 954401579L, 
-2032172699L, 927973791L, -352633767L, -28671987L, 1846201623L, 
1503950986L, -266867228L, -464405684L, 834716384L, -1287214372L, 
405735600L, -1383030412L, -1738228790L, 738474280L, -1918514596L, 
396654884L, -1167245633L, 1825228752L, 726823758L, 1172165377L, 
1436311223L, -1504523139L, -1493023699L, -185410607L, 1559037597L, 
-1485494381L, 1616074547L, 1136834592L, -793260877L, -771446980L, 
-1688160214L, 577827251L, 773431881L, 2130508483L, -711521216L, 
-625578752L, 593049324L, -1507087690L, 1995228186L, -998935962L, 
-47953167L, 1519053290L, -67831855L, 2092153817L, -1670580110L, 
-733689402L, 516421559L, 448161346L, -1832449756L, 1742293766L, 
1286944574L, -862141886L, 1392379199L, -930547159L, -1396775469L, 
-264004068L, 1255521609L, -1241891816L, 617378616L, 1883135045L, 
-863466646L, -761492275L, 889749866L, 1379907109L, 1885886713L, 
-995812256L, 1984494504L, -1570977605L, -647136314L, -1564468220L, 
1219946718L, -626632542L, 966743217L, -1800784721L, -1246199699L, 
-565594684L, 806403282L, 1619564836L, -1230973424L, 2075678231L, 
1745757345L, -817172383L, -1302569547L, -2136306290L, -1036829625L, 
-667640232L, -2086144232L, 664137932L, -2112342971L, -1928927839L, 
841416972L, -354124951L, 2079492462L, 1613346075L, -1760147466L, 
-47498381L, 505619515L, -1729822427L, 891758290L, -1326375418L, 
-608064855L, -1113064693L, -896119800L, -681261226L, 1004015308L, 
-825305628L, -634641274L, 143317779L, 2036381520L, 476603417L, 
-743739026L, -1919470088L, -1776356472L, -1509832242L, 500240184L, 
-390328558L, -945507803L, -1572426000L, -1884728904L, -1647681228L, 
2033959096L, -1499784595L, -1943903316L, -1510361494L, 676798824L, 
1070275353L, 555697006L, 1337116500L, 1161046932L, 1290102200L, 
-1892115092L, 701666752L, 808045951L, 841148732L, -903061915L, 
863102178L, 686215317L, -1455606684L, 1954079437L, -585077068L, 
-1519810063L, -1009390586L, 229831465L, 296744078L, 1669100806L, 
858656824L, -2120032142L, 644629126L, 228604712L, 286306362L, 
-1993232224L, -1152426354L, 1769231717L, 1379218537L, 1674871491L, 
-1944686812L, -1240922758L, -1369658150L, -1991085028L, 828912901L, 
1346896284L, 1129939723L, 1373037217L, -1004668466L, 1351265646L, 
-21190936L, -1945388070L, 1506254249L, 898996566L, 867569184L, 
1705190531L, -2007708653L, 991544146L, -171812751L, 2066861872L, 
-624680413L, 2036838725L, 704920594L, 946517117L, -2098687272L, 
2118834641L, -1555893881L, 274947412L, 1902580934L, -1807053443L, 
-1139735098L, 1608577854L, -75233137L, 885279472L, -491346119L, 
-285433022L, 1529631759L, 229692853L, -1338874461L, -904323839L, 
-1648424097L, -1935229457L, -762870073L, 1025135058L, -1355373701L, 
-541810969L, 715020373L, -1951870443L, -1501774217L, 101930871L, 
153608591L, -166747152L, 229955949L, -1113838928L, -2012349669L, 
2027457471L, -1632667355L, 1325416139L, 2126010907L, -279722858L, 
944342516L, 796639292L, -306434268L, -619523948L, -1223966028L, 
-2118852176L, -1765633247L, -627310968L, 161586355L, 1393468712L, 
1508383021L, 2072134966L, -1913445589L, -984550154L, 1641549175L, 
-1894709928L, 274218795L, 1910468217L, 1428479629L, 284889379L, 
2000604991L, 1821154340L, 490631370L, 1920629556L, 2114576970L, 
-475622129L, 960966924L, 1378685435L, 1440733624L, 636769618L, 
-364508343L, -2011852442L, -1781859223L, 360722154L, -697188348L, 
-202218299L, 1848114105L, -1008399998L, 518351753L, -757496750L, 
2145769798L, 1911785774L, -1919833375L, -647278541L, -1550823807L, 
1526325974L, -1265279238L, 1410575158L, 247242453L, -490436893L, 
842479722L, 136657284L, -1032717343L, -493553027L, 1813023390L, 
1934222466L, 840318382L, -1553110039L, 1750452602L, 567207607L, 
1691349324L, -1987277480L, 1451097829L, -1501978300L, -91237685L, 
-1513293483L, 655516728L, -1661938295L, 1860569402L, -1555575353L, 
1768751465L, 456565688L, 2026674168L, 762641478L, 1190560232L, 
2082503L, 496479307L, -991035582L, -1680939587L, -2081653390L, 
1109801874L, 489586060L, 694556946L, 162403072L, 865115505L, 
-1339908714L, 566975369L, 789542185L, 1138495661L, -182392849L, 
872620827L, 1384664088L, -654585873L, 2058634926L, 1467986298L, 
-18060065L, 256196387L, 1191414061L, 2015774395L, 390463346L, 
401915025L, -1192757025L, 921238161L, -1995607942L, -1309520701L, 
808968082L, -1706658953L, 867556865L, 214858468L, -1009875328L, 
-1067036010L, 427962074L, 867293715L, 1930531482L, -1101683869L, 
-1882978265L, 1364910217L, 408220156L, -1513143248L, -1046996668L, 
-1988810449L, 1959664494L, -222887034L, -1618185491L, -515304724L, 
-631937138L, 153184704L, -1288583847L, -473963546L, -1840277954L, 
1708434330L, -1233254996L, 292354200L, 1493690687L, -33533404L, 
-39942120L, -1956055031L, 2026544926L, 1855135389L, 1631213330L, 
-1841671793L, 1962725550L, -638039719L, 1002222740L, -812113951L, 
136595420L, 917674286L, -1448094171L, -1312006786L, -1766473526L, 
1686127556L, 22276615L, 819986762L, -1993763105L, 892290206L, 
1236519753L, -1169939124L, -602704816L, -1753092684L, -1266213532L, 
197050362L, -1563088051L, 1010625205L, 1517187879L, 1881396133L, 
-541826116L, 1970661187L, -1072168828L, 289296070L, 779237818L, 
-341667375L, 360300977L, -255475029L, 192516081L, 1083626643L, 
883412860L, 134781456L, -31540014L, 210719248L, 98118503L, 2045087133L, 
1174317786L, 1569030866L, 315064388L, 982396157L, -1857858068L, 
1112911801L, 2060148728L, 27933966L, 1666747791L, 2113699582L, 
-2057561061L, -448532043L, 740999254L, -401632393L, 1284490283L, 
-1070636839L, 1291361885L, -1292912679L, -653223458L, -1426931082L, 
1047585078L, -947812324L, -650730435L, -343824984L, -1195604515L, 
1739329122L, 276991383L, 1752603839L, -341649719L, -1230838967L, 
-1654625641L, -1276843540L, -244956407L, 248459105L, -825217931L, 
754289859L, 1662129930L, -1621021361L, -1904534574L, -131836325L, 
-109075728L, -349634550L, 1360666540L, 1904894048L, -450145695L, 
98846301L, -883695050L, -62882010L, -1978941004L, 1004231823L, 
-1738515163L, 1140085653L, 1620051281L, 1518885815L, -899212983L, 
1842688003L, 1596473867L, 1410216141L, -1565472684L, 1035485354L, 
1112526040L, -1732356490L, 786481838L, 1006182623L, 666967215L, 
1545988899L, 1502675272L, -1368625325L, -842045658L, -1209071839L, 
1783191321L, 396434239L, -1425212930L, -453689562L, 1759093048L, 
61602636L, 1459460607L, -1548120410L, 1289633465L, 127763245L, 
1076871346L, -531326218L, 789063469L, 327453063L, -465421896L, 
-131686810L, -1429065372L, 1135350508L, -1342272968L, 503797715L, 
1957666309L, 1348664779L, 2146485620L, 295472019L, -1428057784L, 
1127979340L, 2078815434L, -464167618L, -178729854L, 439083203L, 
56393695L, -1334625131L, -149518413L, -1539033117L, -1470808555L, 
-335438244L, 612334021L, 921983142L, -1134024322L, 1056587624L, 
891328424L, 903661564L, 14219387L, -1402075310L, 837369431L, 
-828186324L, -1542414706L, -411439205L, 1408297344L, 1329545524L, 
-325422716L, 211562538L, -682048012L, -646232548L, -1452345953L, 
242883015L, -2029510236L, -969234426L, 129805978L, -64164715L, 
-1058445406L, 1321723077L, -2043835535L, 76826325L, -938592374L, 
-880304380L, -1476769883L, 1430242282L, 1595429276L, 1766834342L, 
2002378653L, -205400409L, -891601026L, -1097532307L, 1065195526L, 
-633841553L, -997244383L, 810801110L, -333729517L, 1514454585L, 
759258749L, 226298862L, 1588650772L, 568249890L, -1852881122L, 
